19
34
36
40
43
52
59
70
86
113
115
124
177
182
184
186
199
217
233
249
281
289
318
320
330
351
358
384
388
400
427
431
447
451
456
463
526
545
546
549
566
573
579
581
583
587
590
603
607
613
635
661
662
670
677
681
683
689
692
724
727
731
751
767
792
825
839
844
849
851
887
908
917
926
967
986
988
1003
1028
1045
1059
1066
1096
1103
1124
1137
1140
1152
1164
1177
1196
1211
1213
1218
1220
1241
1247
1290
1293
1338
1359
1377
1387
1390
1391
1395
1401
1404
1405
1437
1438
1461
1469
1501
1512
1521
1533
1549
1551
1561
1563
1573
1574
1579
1582
1606
1642
1664
1692
1694
1700
1708
1746
1747
1763
1766
1783
1791
1819
1834
1838
1854
1869
1879
1940
1953
1960
1964
1969
1979
1989
2015
2032
2043
2047
2054
2063
2065
2075
2086
2102
2104
2170
2205
2225
2230
2238
2257
2259
2268
2309
2318
2325
2342
2370
2388
2405
2425
2435
2460
2489
2491
2503
2507
2513
2546
2567
2580
2592
2608
2620
2632
2658
2661
2717
2733
2734
2757
2761
2767
2781
2789
2792
2797
2808
2811
2832
2838
2902
2906
2912
2927
2967
2985
3002
3006
3026
3027
3032
3039
3057
3078
3087
3107
3110
3119
3125
3133
3160
3182
3216
3226
3234
3235
3251
3265
3273
3279
3294
3295
3308
3342
3352
3368
3398
3409
3414
3425
3435
3445
3455
3457
3459
3466
3513
3521
3536
3556
3558
3564
3572
3603
3619
3621
3628
3631
3684
3702
3711
3729
3731
3732
3747
3816
3818
3823
3836
3873
3882
3907
3908
3927
3949
3976
3990
3994
4007
4012
4042
4056
4058
4070
4073
4078
4092
4100
4117
4145
4159
4339
4461
4489
4519
4628
4652
4670
4672
4704
4711
4716
4751
4811
4842
4845
4849
4872
4943
5022
5025
5106
5280
5289
5295
5312
5345
5417
5421
5459
5464
5546
5569
5571
5580
5681
5750
5764
5804
5807
5852
5865
5869
5908
5966
5980
5982
6009
6034
6041
6120
6143
6157
6180
6206
6240
6321
6322
6339
6422
6474
6477
6511
6551
6569
6618
6629
6679
6686
6687
6741
6779
6856
6858
6882
6997
7040
7064
7077
7106
7133
7204
7209
7282
7343
7354
7402
7464
7471
7502
7515
7532
7547
7552
7577
7583
7595
7609
7628
7711
7724
7726
7770
7790
7855
7918
7949
8024
8043
8058
8086
8132
8135
8168
8190
8244
