1
2
3
4
5
6
8
9
10
11
13
14
19
23
24
26
27
28
31
32
33
35
36
37
38
39
40
41
43
44
46
47
52
55
60
61
66
68
70
71
76
77
79
83
86
89
90
91
93
94
95
96
97
98
99
102
103
104
105
106
108
110
112
113
114
117
120
121
125
128
130
131
133
137
138
139
140
141
142
143
144
145
146
147
152
155
156
159
161
162
163
165
166
167
168
169
170
172
178
181
183
185
186
189
190
191
196
197
198
200
201
202
203
204
205
206
210
211
214
217
220
222
227
229
230
231
234
235
236
238
239
243
246
248
251
252
253
256
257
260
261
262
264
265
269
270
271
272
275
276
279
280
282
285
290
291
293
294
297
298
302
305
306
307
309
310
311
312
313
322
325
328
329
330
332
333
334
335
336
337
338
339
341
343
346
349
350
351
358
361
362
363
364
366
368
369
370
372
373
376
383
388
391
393
395
398
400
403
406
407
408
409
410
413
414
418
422
426
428
433
436
437
438
439
440
443
444
447
448
451
452
453
456
457
459
460
461
462
464
465
467
468
471
474
477
479
482
486
487
488
489
490
492
495
496
497
498
501
503
505
509
510
511
513
514
515
516
517
518
521
522
524
525
527
533
535
537
540
542
543
544
545
547
549
550
551
554
556
557
560
563
564
568
569
570
571
574
579
580
581
582
585
587
589
591
592
594
597
598
599
600
602
604
607
608
609
612
613
615
616
617
618
620
623
626
629
630
634
635
638
641
644
645
647
649
652
655
658
659
660
663
666
667
672
673
680
681
682
684
685
686
687
688
689
696
697
699
702
703
704
709
710
713
714
715
716
718
719
724
725
727
728
729
731
732
733
739
740
741
744
746
749
750
755
756
758
763
765
767
769
772
773
775
776
778
779
781
782
783
784
785
786
790
792
793
799
800
801
802
803
804
806
807
809
810
813
814
815
816
817
818
820
823
827
830
831
832
835
836
837
843
844
848
850
851
852
854
856
860
863
864
865
866
867
868
869
870
872
873
875
878
880
881
884
885
887
890
893
896
898
900
902
905
908
911
914
916
919
920
924
925
930
935
939
940
942
948
949
955
956
957
961
963
964
965
969
971
972
973
977
980
981
982
983
984
989
990
991
992
996
1002
1003
1004
1007
1009
1015
1016
1017
1019
1022
1024
1026
1027
1034
1035
1036
1037
1038
1039
1040
1041
1042
1044
1045
1046
1048
1050
1055
1056
1059
1061
1063
1064
1067
1068
1069
1074
1075
1077
1080
1082
1088
1089
1090
1093
1097
1103
1105
1108
1110
1111
1112
1115
1116
1117
1118
1121
1122
1123
1126
1128
1129
1132
1141
1142
1143
1144
1145
1146
1149
1150
1151
1153
1156
1157
1158
1161
1162
1163
1164
1165
1169
1170
1172
1174
1175
1176
1178
1180
1181
1182
1183
1184
1186
1189
1192
1193
1194
1195
1196
1198
1199
1200
1201
1203
1204
1206
1208
1209
1210
1213
1215
1219
1220
1221
1223
1224
1227
1229
1230
1231
1235
1241
1242
1244
1247
1248
1249
1252
1254
1255
1257
1258
1259
1261
1263
1264
1266
1267
1268
1269
1272
1273
1274
1276
1277
1278
1280
1281
1282
1284
1285
1286
1290
1291
1293
1294
1295
1297
1300
1303
1306
1307
1308
1315
1317
1320
1322
1324
1326
1327
1328
1330
1333
1337
1340
1341
1343
1345
1346
1348
1349
1350
1351
1353
1355
1357
1358
1362
1363
1369
1370
1373
1381
1383
1385
1387
1389
1391
1393
1394
1395
1396
1398
1400
1401
1407
1410
1412
1414
1417
1420
1421
1423
1428
1429
1431
1439
1441
1442
1443
1444
1446
1450
1452
1454
1460
1461
1462
1464
1466
1467
1469
1471
1473
1477
1478
1479
1480
1483
1486
1489
1491
1496
1497
1500
1501
1503
1504
1505
1507
1509
1514
1517
1520
1521
1522
1524
1527
1528
1532
1534
1535
1536
1539
1540
1542
1544
1545
1546
1548
1552
1553
1557
1559
1560
1561
1563
1565
1566
1568
1573
1574
1576
1578
1582
1589
1592
1594
1600
1601
1602
1603
1604
1606
1607
1609
1610
1611
1612
1613
1616
1617
1619
1620
1623
1624
1625
1626
1627
1628
1629
1630
1633
1634
1635
1637
1638
1639
1640
1642
1644
1647
1649
1654
1657
1658
1661
1662
1663
1672
1676
1678
1680
1681
1682
1683
1684
1688
1695
1696
1697
1700
1701
1707
1709
1711
1712
1713
1715
1719
1721
1722
1725
1726
1728
1731
1738
1739
1740
1741
1742
1743
1744
1745
1747
1748
1749
1750
1751
1755
1757
1759
1761
1764
1765
1770
1771
1774
1776
1778
1781
1783
1784
1785
1788
1789
1790
1793
1794
1796
1799
1800
1802
1803
1804
1805
1807
1809
1810
1811
1812
1813
1814
1816
1821
1825
1826
1827
1831
1833
1834
1835
1838
1839
1841
1842
1843
1844
1846
1848
1849
1853
1854
1856
1857
1859
1862
1863
1866
1867
1868
1869
1872
1873
1877
1882
1884
1885
1886
1889
1891
1901
1902
1903
1904
1905
1906
1907
1908
1909
1911
1915
1916
1917
1918
1919
1920
1922
1925
1926
1929
1932
1935
1940
1941
1944
1951
1952
1953
1956
1960
1961
1962
1964
1965
1966
1967
1971
1976
1977
1978
1979
1980
1983
1985
1990
1991
1995
1999
2001
2002
2004
2005
2006
2007
2008
2011
2012
2013
2016
2017
2018
2022
2023
2024
2027
2029
2030
2036
2037
2038
2040
2045
2046
2048
2049
2050
2053
2057
2058
2063
2064
2066
2070
2071
2073
2075
2076
2080
2083
2084
2088
2089
2091
2093
2095
2096
2097
2098
2100
2103
2105
2106
2115
2116
2120
2121
2122
2127
2128
2132
2133
2134
2136
2137
2139
2141
2145
2146
2148
2151
2152
2153
2154
2156
2158
2159
2160
2163
2164
2166
2168
2169
2170
2173
2174
2175
2176
2181
2187
2188
2189
2190
2194
2195
2196
2199
2200
2202
2203
2204
2205
2206
2209
2210
2211
2212
2213
2217
2218
2219
2222
2225
2226
2227
2229
2230
2231
2232
2233
2234
2236
2239
2241
2242
2243
2245
2251
2252
2253
2254
2257
2258
2259
2260
2262
2264
2265
2267
2272
2273
2274
2275
2284
2285
2286
2287
2289
2290
2294
2296
2302
2304
2305
2307
2308
2311
2312
2317
2318
2319
2320
2321
2322
2323
2324
2328
2330
2331
2333
2334
2338
2341
2343
2345
2347
2348
2351
2352
2354
2356
2357
2361
2365
2366
2368
2369
2371
2375
2378
2380
2382
2383
2386
2390
2391
2395
2396
2397
2398
2399
2402
2403
2405
2410
2411
2415
2416
2418
2422
2424
2426
2429
2430
2432
2433
2436
2437
2438
2439
2444
2446
2448
2449
2452
2453
2454
2455
2456
2457
2458
2459
2460
2461
2464
2465
2468
2469
2471
2473
2474
2477
2478
2481
2482
2483
2484
2493
2494
2495
2496
2497
2498
2499
2501
2504
2505
2506
2507
2510
2511
2513
2517
2521
2523
2524
2526
2527
2529
2530
2532
2533
2534
2535
2537
2538
2540
2541
2545
2546
2547
2548
2551
2558
2559
2562
2563
2564
2566
2567
2568
2569
2572
2576
2577
2578
2580
2581
2583
2584
2585
2587
2590
2591
2592
2594
2597
2598
2599
2600
2601
2602
2606
2608
2610
2611
2612
2613
2616
2617
2620
2623
2628
2630
2634
2636
2637
2638
2639
2640
2642
2643
2645
2647
2650
2652
2656
2657
2666
2667
2668
2671
2674
2675
2676
2680
2681
2682
2683
2687
2688
2689
2691
2692
2695
2696
2697
2702
2703
2707
2708
2709
2712
2717
2719
2721
2725
2726
2728
2732
2743
2744
2746
2748
2754
2755
2759
2760
2761
2764
2766
2767
2768
2769
2770
2771
2773
2774
2777
2781
2782
2785
2788
2794
2796
2797
2800
2802
2803
2807
2810
2812
2813
2816
2818
2825
2826
2827
2829
2830
2833
2836
2837
2839
2840
2844
2846
2847
2849
2850
2851
2855
2856
2858
2860
2861
2865
2866
2867
2868
2872
2874
2875
2876
2877
2878
2879
2880
2881
2882
2883
2884
2890
2894
2896
2897
2898
2901
2902
2904
2905
2910
2911
2913
2917
2918
2920
2922
2925
2930
2932
2934
2935
2936
2939
2941
2942
2944
2947
2949
2950
2951
2952
2953
2955
2958
2960
2963
2964
2965
2966
2968
2970
2972
2976
2979
2982
2983
2984
2985
2989
2990
2991
2992
2993
2997
2998
2999
3002
3004
3006
3009
3010
3012
3014
3019
3020
3027
3031
3032
3033
3035
3036
3038
3039
3040
3042
3043
3044
3049
3050
3052
3056
3057
3059
3062
3063
3064
3065
3067
3070
3071
3075
3076
3080
3082
3083
3087
3090
3092
3094
3095
3096
3097
3105
3106
3108
3109
3110
3111
3112
3113
3114
3116
3118
3119
3122
3124
3125
3126
3130
3133
3135
3136
3137
3138
3139
3140
3142
3146
3147
3149
3150
3153
3154
3156
3159
3162
3163
3166
3168
3173
3174
3175
3176
3179
3180
3181
3184
3188
3191
3194
3195
3198
3199
3200
3201
3202
3206
3208
3209
3214
3218
3221
3222
3223
3224
3225
3226
3227
3228
3231
3232
3235
3236
3239
3240
3243
3246
3247
3250
3251
3252
3256
3257
3260
3264
3265
3266
3268
3270
3271
3272
3275
3276
3277
3280
3282
3283
3285
3286
3287
3292
3293
3294
3299
3303
3304
3305
3306
3309
3310
3314
3317
3318
3319
3321
3322
3325
3326
3330
3331
3333
3334
3336
3337
3339
3347
3348
3352
3353
3355
3356
3358
3360
3364
3368
3371
3372
3373
3374
3378
3379
3383
3385
3388
3389
3391
3392
3394
3395
3396
3400
3401
3403
3405
3407
3409
3410
3411
3412
3413
3414
3415
3417
3420
3421
3422
3423
3424
3426
3428
3431
3434
3435
3436
3439
3440
3441
3445
3447
3450
3453
3456
3461
3464
3466
3467
3470
3473
3474
3476
3478
3481
3485
3487
3489
3490
3491
3493
3498
3499
3500
3501
3503
3504
3508
3509
3513
3514
3515
3516
3517
3518
3519
3520
3521
3522
3523
3525
3527
3528
3529
3530
3531
3532
3533
3535
3536
3538
3539
3540
3541
3542
3546
3547
3549
3552
3554
3555
3558
3559
3560
3562
3563
3565
3566
3567
3568
3569
3576
3577
3578
3580
3581
3587
3590
3591
3592
3593
3594
3595
3596
3600
3602
3604
3605
3608
3609
3610
3613
3614
3617
3619
3620
3621
3623
3628
3630
3631
3636
3637
3639
3641
3645
3647
3648
3649
3654
3655
3656
3657
3658
3660
3661
3662
3664
3665
3671
3672
3678
3681
3683
3684
3687
3689
3691
3692
3693
3694
3697
3698
3702
3704
3705
3706
3712
3713
3714
3718
3720
3722
3725
3727
3729
3730
3731
3736
3737
3738
3739
3742
3744
3745
3746
3748
3749
3751
3752
3753
3755
3758
3763
3764
3765
3767
3768
3770
3773
3774
3775
3779
3780
3782
3784
3785
3786
3787
3789
3791
3792
3795
3796
3798
3801
3802
3803
3805
3807
3810
3811
3813
3817
3818
3820
3821
3824
3825
3826
3828
3833
3834
3835
3837
3840
3841
3842
3844
3846
3850
3851
3853
3854
3857
3858
3861
3862
3865
3866
3867
3869
3870
3871
3874
3876
3877
3880
3882
3884
3886
3887
3890
3891
3892
3897
3898
3899
3900
3903
3904
3905
3906
3908
3909
3913
3915
3916
3921
3922
3923
3926
3927
3928
3929
3931
3932
3933
3935
3936
3937
3940
3943
3945
3946
3948
3949
3951
3952
3954
3955
3956
3958
3959
3960
3963
3970
3971
3973
3974
3975
3976
3978
3981
3982
3983
3986
3987
3990
3995
3998
3999
4002
4003
4005
4007
4009
4012
4015
4016
4017
4018
4021
4023
4024
4025
4026
4027
4029
4030
4031
4036
4038
4039
4040
4041
4042
4043
4044
4046
4049
4051
4052
4054
4058
4059
4061
4062
4063
4065
4066
4067
4069
4071
4072
4073
4077
4078
4079
4080
4083
4085
4086
4087
4089
4093
4096
4100
4101
4103
4104
4105
4106
4107
4110
4111
4117
4118
4121
4122
4123
4126
4127
4128
4129
4130
4132
4134
4135
4136
4137
4141
4147
4148
4149
4152
4153
4154
4157
4159
4161
4162
4163
4164
4165
4166
4168
4171
4173
4174
4175
4176
4177
4186
4191
4196
4197
4199
4201
4202
4203
4205
4207
4210
4212
4214
4215
4216
4221
4222
4223
4224
4230
4233
4239
4244
4246
4247
4250
4251
4253
4254
4256
4257
4259
4260
4261
4262
4263
4264
4267
4268
4269
4270
4271
4273
4276
4277
4278
4279
4281
4283
4284
4285
4288
4289
4290
4291
4294
4296
4297
4298
4299
4302
4303
4304
4305
4309
4311
4312
4313
4315
4316
4317
4318
4319
4320
4321
4322
4324
4325
4330
4333
4335
4336
4338
4339
4341
4344
4347
4350
4351
4352
4356
4359
4360
4361
4362
4363
4364
4369
4370
4373
4375
4376
4380
4385
4386
4388
4389
4390
4393
4397
4399
4401
4403
4407
4409
4410
4411
4417
4420
4421
4422
4423
4424
4426
4433
4435
4438
4443
4444
4445
4446
4447
4448
4449
4451
4455
4458
4459
4460
4461
4463
4464
4467
4469
4470
4471
4472
4473
4475
4476
4478
4479
4480
4481
4482
4484
4487
4488
4489
4490
4493
4494
4496
4498
4499
4500
4503
4508
4510
4512
4515
4516
4520
4521
4527
4530
4533
4537
4539
4541
4542
4543
4545
4546
4547
4549
4550
4552
4553
4554
4555
4558
4562
4565
4566
4567
4568
4570
4571
4573
4574
4575
4576
4577
4578
4579
4580
4586
4587
4588
4589
4592
4597
4599
4600
4601
4603
4605
4614
4615
4616
4617
4620
4621
4623
4624
4628
4629
4630
4631
4633
4635
4637
4639
4641
4645
4648
4649
4650
4652
4654
4660
4661
4662
4664
4665
4666
4670
4671
4672
4673
4675
4677
4679
4680
4682
4683
4685
4688
4690
4691
4692
4693
4696
4699
4700
4702
4704
4709
4711
4712
4713
4714
4718
4719
4721
4722
4727
4729
4731
4732
4736
4738
4739
4740
4743
4748
4754
4755
4756
4757
4761
4762
4764
4765
4768
4770
4771
4772
4773
4778
4781
4783
4785
4786
4787
4788
4791
4792
4793
4794
4795
4796
4797
4801
4808
4810
4815
4819
4821
4823
4824
4829
4833
4836
4837
4838
4839
4840
4842
4843
4844
4847
4850
4853
4854
4856
4857
4858
4859
4862
4864
4866
4867
4870
4872
4873
4875
4876
4877
4878
4880
4883
4884
4886
4887
4889
4890
4891
4892
4893
4895
4896
4897
4899
4901
4902
4905
4907
4910
4911
4913
4917
4918
4919
4921
4923
4925
4930
4934
4937
4938
4939
4940
4941
4943
4944
4945
4947
4948
4949
4952
4953
4954
4957
4959
4961
4964
4967
4972
4973
4977
4978
4979
4984
4986
4988
4990
4992
4994
4996
4997
4998
5001
5003
5004
5005
5006
5007
5008
5009
5012
5013
5018
5019
5020
5021
5025
5026
5030
5032
5033
5034
5037
5038
5040
5041
5044
5048
5050
5052
5056
5057
5059
5061
5063
5065
5068
5070
5071
5072
5073
5077
5080
5081
5082
5083
5085
5086
5087
5091
5092
5095
5100
5103
5106
5107
5108
5109
5111
5114
5115
5116
5117
5118
5120
5121
5122
5123
5126
5128
5131
5133
5134
5135
5136
5139
5140
5141
5142
5144
5145
5147
5148
5150
5154
5155
5160
5164
5166
5167
5169
5171
5177
5178
5180
5181
5184
5185
5186
5187
5192
5193
5195
5198
5202
5204
5207
5208
5209
5210
5211
5212
5215
5217
5221
5224
5225
5226
5228
5229
5230
5231
5232
5233
5235
5237
5239
5240
5241
5245
5246
5250
5253
5256
5257
5259
5260
5261
5262
5264
5265
5266
5268
5272
5277
5279
5281
5283
5285
5287
5288
5290
5294
5296
5297
5298
5299
5300
5301
5304
5305
5309
5311
5313
5318
5319
5322
5323
5331
5332
5334
5335
5336
5340
5343
5346
5348
5349
5351
5354
5357
5361
5362
5364
5365
5367
5373
5376
5382
5384
5385
5388
5392
5394
5397
5399
5400
5401
5404
5407
5408
5409
5410
5413
5416
5419
5424
5426
5427
5428
5431
5432
5433
5438
5439
5440
5441
5443
5450
5451
5452
5453
5456
5458
5460
5461
5462
5463
5464
5467
5468
5469
5471
5478
5483
5485
5486
5488
5490
5491
5492
5495
5497
5498
5502
5503
5508
5509
5517
5518
5522
5523
5524
5530
5533
5534
5536
5537
5541
5542
5543
5545
5546
5548
5549
5550
5551
5554
5555
5556
5557
5559
5560
5561
5562
5566
5568
5569
5570
5573
5574
5575
5576
5581
5582
5583
5584
5585
5586
5588
5591
5592
5594
5595
5596
5597
5598
5599
5600
5603
5605
5606
5609
5611
5616
5617
5618
5621
5623
5627
5629
5631
5633
5636
5639
5640
5641
5644
5645
5647
5648
5652
5653
5655
5657
5659
5662
5664
5665
5666
5667
5671
5673
5674
5676
5678
5680
5682
5685
5688
5690
5692
5700
5701
5703
5704
5706
5707
5708
5711
5713
5715
5718
5719
5723
5724
5725
5726
5728
5730
5731
5736
5737
5738
5742
5744
5746
5748
5750
5752
5757
5759
5760
5763
5765
5767
5768
5771
5772
5774
5776
5782
5783
5791
5792
5793
5800
5806
5808
5809
5810
5812
5815
5817
5820
5821
5823
5824
5828
5829
5830
5831
5833
5835
5837
5839
5840
5841
5842
5843
5849
5851
5854
5856
5857
5861
5865
5868
5872
5876
5877
5883
5884
5885
5886
5887
5890
5891
5892
5896
5897
5898
5899
5902
5903
5904
5905
5906
5907
5909
5912
5913
5914
5915
5922
5924
5927
5930
5931
5932
5935
5937
5940
5942
5943
5944
5945
5947
5948
5950
5955
5956
5957
5958
5961
5963
5965
5966
5967
5968
5969
5970
5971
5973
5974
5975
5979
5980
5982
5984
5987
5988
5990
5994
5995
6004
6005
6006
6008
6010
6013
6015
6016
6017
6018
6020
6023
6024
6026
6028
6029
6032
6033
6036
6037
6039
6042
6045
6048
6049
6050
6053
6055
6056
6062
6064
6067
6069
6070
6075
6076
6077
6082
6084
6085
6088
6091
6092
6093
6094
6095
6097
6099
6101
6102
6103
6106
6107
6110
6111
6112
6114
6117
6119
6122
6123
6126
6127
6129
6130
6131
6133
6134
6137
6138
6141
6142
6143
6145
6146
6147
6148
6149
6150
6151
6154
6155
6157
6158
6160
6161
6162
6163
6164
6165
6167
6168
6169
6170
6174
6177
6178
6179
6180
6187
6190
6191
6192
6193
6194
6196
6197
6199
6201
6203
6204
6205
6206
6208
6209
6210
6216
6217
6218
6219
6221
6223
6224
6227
6228
6229
6232
6234
6235
6237
6239
6240
6242
6244
6245
6247
6249
6250
6257
6259
6261
6262
6263
6264
6268
6270
6272
6274
6275
6276
6278
6280
6281
6283
6287
6288
6289
6290
6292
6295
6296
6297
6301
6303
6304
6305
6306
6308
6309
6310
6311
6312
6313
6314
6315
6318
6320
6322
6325
6326
6328
6329
6332
6335
6336
6337
6338
6339
6346
6348
6351
6352
6353
6358
6363
6368
6373
6375
6376
6377
6378
6379
6381
6383
6386
6387
6390
6391
6392
6393
6399
6402
6404
6410
6412
6413
6416
6417
6418
6419
6421
6422
6423
6425
6426
6429
6431
6432
6433
6435
6438
6440
6442
6445
6448
6449
6451
6452
6454
6455
6458
6459
6461
6462
6463
6469
6472
6476
6479
6481
6482
6484
6488
6490
6496
6497
6499
6501
6502
6503
6504
6505
6508
6509
6512
6513
6514
6515
6516
6517
6518
6519
6520
6521
6522
6523
6524
6525
6528
6529
6530
6531
6533
6536
6538
6540
6542
6545
6547
6548
6549
6550
6554
6557
6558
6559
6560
6561
6563
6565
6567
6568
6569
6573
6574
6577
6581
6582
6583
6585
6588
6589
6590
6592
6595
6599
6600
6603
6605
6608
6609
6611
6613
6615
6618
6619
6620
6621
6624
6626
6628
6629
6630
6631
6632
6636
6638
6639
6641
6642
6646
6647
6648
6652
6654
6657
6661
6663
6665
6666
6667
6668
6669
6670
6672
6676
6680
6682
6683
6684
6687
6689
6690
6691
6692
6693
6702
6704
6705
6706
6708
6710
6714
6715
6716
6717
6719
6722
6724
6726
6727
6728
6729
6732
6734
6736
6737
6739
6741
6743
6744
6747
6749
6751
6752
6753
6754
6756
6758
6760
6763
6764
6765
6769
6771
6772
6775
6777
6778
6781
6783
6784
6787
6789
6790
6793
6794
6796
6798
6800
6802
6807
6808
6809
6811
6812
6816
6821
6823
6828
6829
6834
6836
6842
6843
6845
6846
6847
6848
6850
6852
6855
6856
6858
6861
6862
6863
6867
6868
6869
6871
6872
6873
6874
6876
6878
6880
6881
6882
6883
6884
6885
6888
6890
6893
6894
6895
6896
6897
6899
6902
6911
6913
6914
6915
6918
6919
6920
6923
6924
6928
6930
6934
6935
6938
6939
6940
6943
6944
6945
6946
6948
6953
6955
6957
6958
6959
6960
6961
6962
6964
6966
6968
6969
6974
6975
6979
6980
6981
6982
6984
6986
6987
6988
6990
6992
6993
6994
6997
7000
7001
7002
7003
7005
7007
7008
7009
7013
7016
7020
7021
7022
7023
7026
7027
7028
7029
7031
7032
7035
7037
7038
7039
7043
7045
7046
7047
7048
7050
7051
7052
7054
7055
7057
7058
7059
7060
7061
7062
7063
7065
7067
7068
7069
7071
7073
7074
7075
7076
7077
7078
7080
7081
7082
7084
7086
7087
7090
7091
7092
7096
7097
7098
7100
7101
7102
7104
7105
7107
7110
7112
7115
7116
7120
7121
7123
7124
7128
7131
7133
7134
7135
7138
7139
7140
7141
7146
7148
7149
7150
7151
7157
7158
7160
7161
7163
7164
7165
7166
7167
7168
7170
7173
7175
7182
7183
7184
7185
7187
7188
7193
7194
7195
7196
7197
7199
7204
7205
7208
7211
7212
7213
7214
7215
7216
7217
7218
7221
7222
7223
7227
7229
7231
7232
7234
7235
7237
7238
7240
7241
7245
7248
7251
7252
7253
7254
7256
7257
7258
7259
7262
7265
7266
7267
7268
7269
7272
7273
7274
7275
7276
7279
7281
7282
7283
7284
7285
7286
7287
7290
7293
7295
7296
7299
7310
7314
7316
7317
7318
7319
7321
7323
7324
7325
7326
7327
7328
7329
7330
7332
7338
7341
7342
7343
7345
7347
7348
7350
7355
7362
7363
7364
7365
7366
7367
7368
7369
7370
7377
7378
7379
7381
7383
7384
7387
7389
7390
7391
7392
7393
7394
7395
7396
7399
7400
7402
7404
7406
7409
7410
7414
7415
7416
7417
7421
7422
7424
7425
7427
7428
7429
7431
7432
7433
7437
7440
7442
7443
7446
7450
7452
7456
7457
7458
7459
7460
7466
7468
7473
7475
7476
7479
7480
7483
7485
7487
7492
7493
7497
7499
7504
7506
7507
7508
7511
7514
7515
7518
7519
7521
7524
7525
7526
7527
7528
7532
7536
7537
7538
7540
7541
7544
7546
7547
7548
7549
7550
7552
7553
7556
7557
7558
7559
7560
7562
7565
7568
7569
7573
7574
7575
7576
7581
7582
7585
7586
7587
7591
7595
7596
7599
7600
7602
7604
7612
7613
7614
7616
7618
7619
7624
7625
7626
7627
7628
7631
7632
7634
7635
7639
7640
7642
7644
7645
7647
7648
7653
7654
7656
7657
7659
7660
7662
7663
7668
7669
7671
7672
7673
7678
7680
7681
7683
7684
7687
7689
7690
7691
7692
7694
7698
7700
7702
7704
7705
7706
7707
7709
7712
7713
7714
7715
7717
7718
7720
7724
7730
7731
7734
7736
7737
7738
7739
7740
7747
7748
7749
7750
7753
7754
7755
7758
7760
7763
7764
7765
7766
7770
7771
7772
7773
7780
7781
7784
7785
7786
7787
7790
7791
7793
7801
7802
7804
7807
7808
7810
7812
7814
7818
7820
7821
7823
7824
7826
7828
7829
7834
7837
7839
7840
7841
7842
7844
7845
7846
7847
7849
7850
7851
7854
7856
7858
7859
7863
7865
7870
7871
7873
7875
7882
7883
7884
7885
7888
7889
7892
7893
7894
7895
7897
7898
7899
7900
7901
7902
7903
7905
7906
7907
7910
7911
7913
7915
7916
7917
7919
7922
7923
7927
7930
7933
7937
7939
7940
7942
7943
7944
7949
7951
7953
7954
7955
7957
7959
7960
7963
7964
7966
7968
7969
7972
7974
7980
7982
7984
7987
7989
7990
7994
7995
7997
7998
7999
8000
8001
8002
8004
8006
8008
8010
8011
8012
8016
8018
8019
8022
8023
8027
8028
8029
8032
8033
8034
8035
8036
8037
8040
8042
8043
8044
8047
8048
8049
8053
8055
8056
8060
8065
8069
8070
8071
8073
8074
8075
8077
8078
8079
8080
8082
8083
8087
8093
8097
8098
8099
8100
8103
8107
8109
8111
8113
8117
8120
8121
8124
8125
8126
8129
8133
8134
8136
8137
8138
8142
8144
8146
8147
8149
8152
8158
8159
8160
8161
8162
8163
8164
8165
8166
8168
8170
8171
8172
8173
8174
8178
8181
8182
8183
8185
8188
8189
8194
8199
8200
8201
8202
8205
8207
8211
8212
8213
8218
8220
8221
8225
8229
8230
8231
8233
8238
8239
8240
8245
8247
8248
8250
8251
8253
8254
8255
8258
8259
8261
8265
8266
8268
8269
8270
8271
8273
8274
8276
8277
8286
8288
8289
8291
8293
8294
